#Scores
#Start	End	Score
1	31	0.41374
1	10	0.276687
1	28	0.283587
1	29	0.374494
1	33	0.463135
1	17	0.531863
1	34	0.49409
1	26	0.325087
1	25	0.325087
1	24	0.174602
1	15	0.160627
1	16	0.160627
1	19	0.160627
1	21	0.160627
1	23	0.160627
1	30	0.166422
1	27	0.151821
2	5	0.228437
2	6	0.238718
2	7	0.238718
2	9	0.386503
2	11	0.228437
2	12	0.162023
2	13	0.329791
2	22	0.162023
2	32	0.199086
2	10	0.242683
2	28	0.250673
2	29	0.250673
2	33	0.429391
2	17	0.167059
2	34	0.478226
2	26	0.139524
2	25	0.139524
2	24	0.148852
2	15	0.135153
2	16	0.135153
2	19	0.135153
2	21	0.135153
2	23	0.135153
2	30	0.143647
2	27	0.129298
3	4	0.510936
3	5	0.228497
3	6	0.23849
3	7	0.23849
3	11	0.228497
3	12	0.163735
3	13	0.200146
3	18	0.264535
3	20	0.273544
3	22	0.163735
3	32	0.36021
3	31	0.429875
3	17	0.168496
3	34	0.610644
3	26	0.147969
3	25	0.147969
3	24	0.354112
3	15	0.236097
3	16	0.236097
3	19	0.236097
3	21	0.236097
3	23	0.236097
3	30	0.168374
3	27	0.151485
4	5	0.205619
4	6	0.216427
4	7	0.216427
4	9	0.188545
4	11	0.205619
4	12	0.141122
4	18	0.245168
4	20	0.255054
4	22	0.141122
4	32	0.180936
4	31	0.257587
4	10	0.12668
4	28	0.135863
4	29	0.135863
4	33	0.182409
4	17	0.148243
4	34	0.322968
4	26	0.123568
4	25	0.123568
4	24	0.124323
4	15	0.105516
4	16	0.105516
4	19	0.105516
4	21	0.105516
4	23	0.105516
4	30	0.124966
4	27	0.111276
5	6	0.452826
5	8	0.185892
5	9	0.165962
5	12	0.118018
5	13	0.152289
5	14	0.194458
5	18	0.146265
5	20	0.158806
5	22	0.118018
5	32	0.160371
5	31	0.12857
5	10	0.108291
5	28	0.117873
5	29	0.117873
5	33	0.163397
5	17	0.319455
5	34	0.164869
5	26	0.106181
5	25	0.106181
5	24	0.0953859
5	15	0.0845822
5	16	0.0845822
5	19	0.0845822
5	21	0.0845822
5	23	0.0845822
5	30	0.0916412
5	27	0.080683
6	8	0.196577
6	9	0.1758
6	12	0.128788
6	13	0.16337
6	14	0.204863
6	18	0.157005
6	20	0.169078
6	22	0.128788
6	32	0.169415
6	31	0.136627
6	10	0.116698
6	28	0.125971
6	29	0.125971
6	33	0.171314
6	34	0.171848
6	26	0.114449
6	25	0.114449
6	24	0.102152
6	15	0.0913716
6	16	0.0913716
6	19	0.0913716
6	21	0.0913716
6	23	0.0913716
6	30	0.0981757
6	27	0.0871946
7	8	0.196577
7	9	0.1758
7	11	0.452826
7	12	0.128788
7	13	0.16337
7	14	0.204863
7	18	0.157005
7	20	0.169078
7	22	0.128788
7	32	0.169415
7	31	0.136627
7	10	0.116698
7	28	0.125971
7	29	0.125971
7	33	0.171314
7	34	0.171848
7	26	0.114449
7	25	0.114449
7	24	0.102152
7	15	0.0913716
7	16	0.0913716
7	19	0.0913716
7	21	0.0913716
7	23	0.0913716
7	30	0.0981757
7	27	0.0871946
8	9	0.229547
8	11	0.185892
8	12	0.126048
8	13	0.282404
8	14	0.421393
8	18	0.228983
8	20	0.237666
8	22	0.126048
8	32	0.166197
8	31	0.244028
8	10	0.199873
8	28	0.208758
8	29	0.208758
8	33	0.268997
8	17	0.134348
8	34	0.187955
8	26	0.112599
8	25	0.112599
8	24	0.11993
8	15	0.107077
8	16	0.107077
8	19	0.107077
8	21	0.107077
8	23	0.107077
8	30	0.105862
8	27	0.0938922
9	11	0.165962
9	12	0.113973
9	13	0.143282
9	14	0.235781
9	18	0.138362
9	20	0.149472
9	22	0.113973
9	32	0.154431
9	10	0.197774
9	28	0.20663
9	29	0.20663
9	17	0.122579
9	34	0.471229
9	26	0.105744
9	25	0.105744
9	24	0.14476
9	15	0.214716
9	16	0.214716
9	19	0.214716
9	21	0.214716
9	23	0.214716
9	30	0.145687
9	27	0.128305
11	12	0.118018
11	13	0.152289
11	14	0.194458
11	18	0.146265
11	20	0.158806
11	22	0.118018
11	32	0.160371
11	31	0.12857
11	10	0.108291
11	28	0.117873
11	29	0.117873
11	33	0.163397
11	17	0.319455
11	34	0.164869
11	26	0.106181
11	25	0.106181
11	24	0.0953859
11	15	0.0845822
11	16	0.0845822
11	19	0.0845822
11	21	0.0845822
11	23	0.0845822
11	30	0.0916412
11	27	0.080683
12	13	0.0970136
12	14	0.134353
12	18	0.0936075
12	20	0.106034
12	22	0.0701145
12	32	0.113109
12	31	0.0904656
12	10	0.0713886
12	28	0.0809939
12	29	0.0809939
12	33	0.121146
12	17	0.0827173
12	34	0.127098
12	26	0.0701149
12	25	0.0701149
12	24	0.0666077
12	15	0.0568258
12	16	0.0568258
12	19	0.0568258
12	21	0.0568258
12	23	0.0568258
12	30	0.0641665
12	27	0.0543772
13	14	0.289269
13	18	0.123173
13	20	0.135725
13	22	0.0970136
13	32	0.139859
13	31	0.113199
13	10	0.092336
13	28	0.10196
13	29	0.10196
13	33	0.145191
13	17	0.107926
13	34	0.148693
13	26	0.0906
13	25	0.0906
13	24	0.0830614
13	15	0.0726883
13	16	0.0726883
13	19	0.0726883
13	21	0.0726883
13	23	0.0726883
13	30	0.0798895
13	27	0.0694273
14	18	0.236138
14	20	0.244479
14	22	0.134353
14	32	0.173179
14	31	0.250594
14	10	0.206283
14	28	0.214848
14	29	0.214848
14	33	0.274438
14	17	0.141792
14	26	0.119053
14	25	0.119053
14	24	0.161243
14	15	0.134189
14	16	0.134189
14	19	0.134189
14	21	0.134189
14	23	0.134189
14	30	0.162327
14	27	0.143645
18	20	0.197935
18	22	0.0936075
18	32	0.135454
18	31	0.200289
18	10	0.0897999
18	28	0.0992241
18	29	0.0992241
18	33	0.141142
18	17	0.104478
18	34	0.146291
18	26	0.0881571
18	25	0.0881571
18	24	0.0812365
18	15	0.0711074
18	16	0.0711074
18	19	0.0711074
18	21	0.0711074
18	23	0.0711074
18	30	0.0787898
18	27	0.0684878
20	22	0.106034
20	32	0.157109
20	31	0.208723
20	10	0.113109
20	28	0.140801
20	29	0.136741
20	33	0.19159
20	17	0.115575
20	26	0.104347
20	25	0.104347
20	24	0.146708
20	15	0.119878
20	16	0.119878
20	19	0.119878
20	21	0.119878
20	23	0.119878
20	30	0.147736
20	27	0.12868
22	32	0.113109
22	31	0.0904656
22	10	0.0713886
22	28	0.0809939
22	29	0.0809939
22	33	0.121146
22	17	0.0827173
22	34	0.127098
22	26	0.0701149
22	25	0.0701149
22	24	0.0666077
22	15	0.0568258
22	16	0.0568258
22	19	0.0568258
22	21	0.0568258
22	23	0.0568258
22	30	0.0641665
22	27	0.0543772
32	31	0.176474
32	10	0.14707
32	28	0.182904
32	33	0.241725
32	17	0.121147
32	24	0.191649
32	15	0.156978
32	16	0.156978
32	19	0.156978
32	21	0.156978
32	23	0.156978
32	30	0.193181
32	27	0.170075
31	10	0.12887
31	28	0.159889
31	29	0.155052
31	17	0.0990437
31	26	0.11847
31	25	0.11847
31	24	0.166954
31	15	0.210191
31	16	0.210191
31	19	0.210191
31	21	0.210191
31	23	0.210191
31	30	0.168187
31	27	0.147534
10	28	0.185505
10	29	0.180001
10	33	0.238906
10	17	0.0814148
10	26	0.0945507
10	25	0.0945507
10	24	0.135614
10	15	0.109026
10	16	0.109026
10	19	0.109026
10	21	0.109026
10	23	0.109026
10	30	0.136595
10	27	0.117277
28	29	0.220041
28	33	0.289621
28	17	0.0901524
28	26	0.118549
28	25	0.118549
28	15	0.13901
28	16	0.13901
28	19	0.13901
28	21	0.13901
28	23	0.13901
28	30	0.356058
28	27	0.150986
29	33	0.279654
29	17	0.0901524
29	26	0.292657
29	25	0.292657
29	24	0.166717
29	15	0.134608
29	16	0.134608
29	19	0.134608
29	21	0.134608
29	23	0.134608
29	30	0.168047
29	27	0.145807
33	17	0.127779
33	26	0.165722
33	25	0.165722
33	24	0.23634
33	30	0.238349
33	27	0.212305
17	34	0.132677
17	26	0.0800621
17	25	0.0800621
17	24	0.0750533
17	15	0.0657456
17	16	0.0657456
17	19	0.0657456
17	21	0.0657456
17	23	0.0657456
17	30	0.072454
17	27	0.0630663
34	26	0.391204
34	25	0.391204
26	24	0.123209
26	15	0.0998824
26	16	0.0998824
26	19	0.0998824
26	21	0.0998824
26	23	0.0998824
26	30	0.124018
26	27	0.106764
25	24	0.123209
25	15	0.0998824
25	16	0.0998824
25	19	0.0998824
25	21	0.0998824
25	23	0.0998824
25	30	0.124018
25	27	0.106764
24	15	0.145461
24	16	0.145461
24	19	0.145461
24	21	0.145461
24	23	0.145461
24	27	0.34336
15	16	0.172289
15	19	0.172289
15	21	0.172289
15	23	0.172289
15	30	0.14659
15	27	0.125592
16	19	0.172289
16	21	0.172289
16	23	0.172289
16	30	0.14659
16	27	0.125592
19	21	0.172289
19	23	0.172289
19	30	0.14659
19	27	0.125592
21	23	0.172289
21	30	0.14659
21	27	0.125592
23	30	0.14659
23	27	0.125592
